# r	scaleHeight
6.000000000000000000e+00	3.161549306233497802e+06	6.879645239274609594e+02
6.500000000000000000e+00	2.389090423042031936e+06	5.861946239381917394e+02
7.000000000000000000e+00	1.843258289016661234e+06	5.054433237018081968e+02
7.500000000000000000e+00	1.447821140573266661e+06	4.402972953135751482e+02
8.000000000000000000e+00	1.155086162373632891e+06	3.869800447091969318e+02
8.500000000000000000e+00	9.342499765578630613e+05	3.427920119223335860e+02
9.000000000000000000e+00	7.648575404367632000e+05	3.057620106344271562e+02
9.500000000000000000e+00	6.329898076703194529e+05	2.744235220098460104e+02
1.000000000000000000e+01	5.289679214462572709e+05	2.476672286138859533e+02
1.050000000000000000e+01	4.459301009626056184e+05	2.246414772008036209e+02
1.100000000000000000e+01	3.789264643200658611e+05	2.046836600114760643e+02
1.150000000000000000e+01	3.243298299686163664e+05	1.872720065133352989e+02
1.200000000000000000e+01	2.794441191866663867e+05	1.719911309818652398e+02
1.250000000000000000e+01	2.422391255594188988e+05	1.585070263128870067e+02
1.300000000000000000e+01	2.111677548751072900e+05	1.465486559845479348e+02
1.350000000000000000e+01	1.850380938261947013e+05	1.358942269486342980e+02
1.400000000000000000e+01	1.629225544552493084e+05	1.263608309254520492e+02
1.450000000000000000e+01	1.440924838697440864e+05	1.177965415523833599e+02
1.500000000000000000e+01	1.279705183055748348e+05	1.100743238283937870e+02
1.550000000000000000e+01	1.140954674566177709e+05	1.030872959891304816e+02
1.600000000000000000e+01	1.020961572836426640e+05	9.674501117729923294e+01
1.650000000000000000e+01	9.167175186381206731e+04	9.097051556065599698e+01
1.700000000000000000e+01	8.257681171842974436e+04	8.569800298058339649e+01
1.750000000000000000e+01	7.460984971875298652e+04	8.087093179228929785e+01
1.800000000000000000e+01	6.760449418556240562e+04	7.644050265860678905e+01
1.850000000000000000e+01	6.142261275199606462e+04	7.236442034006896051e+01
1.900000000000000000e+01	5.594892317820642347e+04	6.860588050246150260e+01
1.950000000000000000e+01	5.108674069858050643e+04	6.513273599313241391e+01
2.000000000000000000e+01	4.675460053560019151e+04	6.191680715347148833e+01
2.050000000000000000e+01	4.288355906946544565e+04	5.893330841496393901e+01
2.100000000000000000e+01	3.941502479073252471e+04	5.616036930020090523e+01
2.150000000000000000e+01	3.629900543980373914e+04	5.357863247461028777e+01
2.200000000000000000e+01	3.349268406147012138e+04	5.117091500286901606e+01
2.250000000000000000e+01	3.095925649068173516e+04	4.892192170150836006e+01
2.300000000000000000e+01	2.866697776398607311e+04	4.681800162833382473e+01
2.350000000000000000e+01	2.658837636393644425e+04	4.484694044615410036e+01
2.400000000000000000e+01	2.469960395494920158e+04	4.299778274546630996e+01
2.450000000000000000e+01	2.297989501984668459e+04	4.126067948586187839e+01
2.500000000000000000e+01	2.141111604397058181e+04	3.962675657822175168e+01
2.550000000000000000e+01	1.997738797985495330e+04	3.808800132470372546e+01
2.600000000000000000e+01	1.866476893001587450e+04	3.663716399613698371e+01
2.650000000000000000e+01	2.179951544592425227e+06	5.497090963249640772e+05
2.700000000000000000e+01	2.061072029824508820e+06	5.395292982448721305e+05
2.750000000000000000e+01	1.950681569372120313e+06	5.297196746404198930e+05
2.800000000000000000e+01	1.848035749044998782e+06	5.202603947361266473e+05
2.850000000000000000e+01	1.752467134850056143e+06	5.111330193898789003e+05
2.900000000000000000e+01	1.663376143467784859e+06	5.023203811245360994e+05
2.950000000000000000e+01	1.580223129454747075e+06	4.938064763597134734e+05
3.000000000000000000e+01	1.502521509742067195e+06	4.855763684203848825e+05
3.050000000000000000e+01	1.429831774925155099e+06	4.776161000856244355e+05
3.100000000000000000e+01	1.361756260717525845e+06	4.699126146003724425e+05
3.150000000000000000e+01	1.297934572717475006e+06	4.624536842098904308e+05
3.200000000000000000e+01	1.238039574067255016e+06	4.552278453941108892e+05
3.250000000000000000e+01	1.181773859278239543e+06	4.482243400803552358e+05
3.300000000000000000e+01	1.128866648942199303e+06	4.414330622003499302e+05
3.350000000000000000e+01	1.079071049644691870e+06	4.348445090331804822e+05
3.400000000000000000e+01	1.032161631463357597e+06	4.284497368415160454e+05
3.450000000000000000e+01	9.879322822336270474e+05	4.222403203655520338e+05
3.500000000000000000e+01	9.461943035110393539e+05	4.162083157889013528e+05
3.550000000000000000e+01	9.067747180284666829e+05	4.103462268341280869e+05
3.600000000000000000e+01	8.695147625822146656e+05	4.046469736836540978e+05
3.650000000000000000e+01	8.342685438021640293e+05	3.991038644551108591e+05
3.700000000000000000e+01	8.009018372660221066e+05	3.937105689895013347e+05
3.750000000000000000e+01	7.692910129879384767e+05	3.884610947363079758e+05
3.800000000000000000e+01	7.393220725148674101e+05	3.833497645424091606e+05
3.850000000000000000e+01	7.108897847566036507e+05	3.783711961717284867e+05
3.900000000000000000e+01	6.838969093045367626e+05	3.735202834002961172e+05
3.950000000000000000e+01	6.582534973993669264e+05	3.687921785471277544e+05
4.000000000000000000e+01	6.338762619224346709e+05	3.641822763152886764e+05
4.050000000000000000e+01	6.106880088368913857e+05	3.596861988299147342e+05
4.100000000000000000e+01	5.886171234171851538e+05	3.552997817710133386e+05
4.150000000000000000e+01	5.675971053981404984e+05	3.510190615087120095e+05
4.200000000000000000e+01	5.475661478651848156e+05	3.468402631574177649e+05
4.250000000000000000e+01	5.284667553092390299e+05	3.427597894732128480e+05
4.300000000000000000e+01	5.102453967957011191e+05	3.387742105258499505e+05
4.350000000000000000e+01	4.928521906571215950e+05	3.348802540830240468e+05
4.400000000000000000e+01	4.762406175224904437e+05	3.310747966502624331e+05
4.450000000000000000e+01	4.603672588500862475e+05	3.273548551148662227e+05
4.500000000000000000e+01	4.451915584420940722e+05	3.237175789469232550e+05
4.550000000000000000e+01	4.306756046932360041e+05	3.201602429145394708e+05
4.600000000000000000e+01	4.167839315673112869e+05	3.166802402741641272e+05
4.650000000000000000e+01	4.034833365088966675e+05	3.132750764002483338e+05
4.700000000000000000e+01	3.907427136861371691e+05	3.099423628215222852e+05
4.750000000000000000e+01	3.785329011276121601e+05	3.066798116339272819e+05
4.800000000000000000e+01	3.668265404643717338e+05	3.034852302627405152e+05
4.850000000000000000e+01	3.555979481197390123e+05	3.003565165486917249e+05
4.900000000000000000e+01	3.448229969063554308e+05	2.972916541349295294e+05
4.950000000000000000e+01	3.344790070939850411e+05	2.942887081335666007e+05
5.000000000000000000e+01	3.245446461042865412e+05	2.913458210522309528e+05
5.050000000000000000e+01	3.149998360714844312e+05	2.884612089626049274e+05
5.100000000000000000e+01	3.058256685817356338e+05	2.856331578943440691e+05
5.150000000000000000e+01	2.970043259700605995e+05	2.828600204390591825e+05
5.200000000000000000e+01	2.885190086128514959e+05	2.801402125502220588e+05
5.250000000000000000e+01	2.803538677069747355e+05	2.774722105259342352e+05
5.300000000000000000e+01	2.724939430740531534e+05	2.748545481624820386e+05
5.350000000000000000e+01	2.649251055712219677e+05	2.722858140675055329e+05
5.400000000000000000e+01	2.576340037280636025e+05	2.697646491224360652e+05
5.450000000000000000e+01	2.506080142639944970e+05	2.672897440846154932e+05
5.500000000000000000e+01	2.438351961715150392e+05	2.648598373202099465e+05
5.550000000000000000e+01	2.373042480788213725e+05	2.624737126596675371e+05
5.600000000000000000e+01	2.310044686306248477e+05	2.601301973680633237e+05
5.650000000000000000e+01	2.249257196489329508e+05	2.578281602232131991e+05
5.700000000000000000e+01	2.190583918562570179e+05	2.555665096949394501e+05
5.750000000000000000e+01	2.133933729624633561e+05	2.533441922193312494e+05
5.800000000000000000e+01	2.079220179334731074e+05	2.511601905622680497e+05
5.850000000000000000e+01	2.026361212754183507e+05	2.490135222668640490e+05
5.900000000000000000e+01	1.975278911818433844e+05	2.469032381798567367e+05
5.950000000000000000e+01	1.925899254042416287e+05	2.448284210522948997e+05
6.000000000000000000e+01	1.878151887177583994e+05	2.427881842101924412e+05
6.050000000000000000e+01	1.831969918643990241e+05	2.407816702910999302e+05
6.100000000000000000e+01	1.787289718656443874e+05	2.388080500428122177e+05
6.150000000000000000e+01	1.744050736050919222e+05	2.368665211806755397e+05
6.200000000000000000e+01	1.702195325896907307e+05	2.349563073001862213e+05
6.250000000000000000e+01	1.661668588053947024e+05	2.330766568417847157e+05
6.300000000000000000e+01	1.622418215896843758e+05	2.312268421049452154e+05
6.350000000000000000e+01	1.584394354494675063e+05	2.294061583088432672e+05
6.400000000000000000e+01	1.547549467584068771e+05	2.276139226970554446e+05
6.450000000000000000e+01	1.511838212728003273e+05	2.258494736838999670e+05
6.500000000000000000e+01	1.477217324097799428e+05	2.241121700401776179e+05
6.550000000000000000e+01	1.443645502358607482e+05	2.224013901162068360e+05
6.600000000000000000e+01	1.411083311177749129e+05	2.207165311001749651e+05
6.650000000000000000e+01	1.379493079911123205e+05	2.190570083099480544e+05
6.700000000000000000e+01	1.348838812055864837e+05	2.174222545165902411e+05
6.750000000000000000e+01	1.319086099087686162e+05	2.158117192979488755e+05
6.800000000000000000e+01	1.290202039329196996e+05	2.142248684207580227e+05
6.850000000000000000e+01	1.262155161521138652e+05	2.126611832498036383e+05
6.900000000000000000e+01	1.234915352792033809e+05	2.111201601827760169e+05
6.950000000000000000e+01	1.208453790743536520e+05	2.096013101095186721e+05
7.000000000000000000e+01	1.182742879388799192e+05	2.081041578944506764e+05
7.050000000000000000e+01	1.157756188699665508e+05	2.066282418810148665e+05
7.100000000000000000e+01	1.133468397535583354e+05	2.051731134170640435e+05
7.150000000000000000e+01	1.109855239742899576e+05	2.037383364001614682e+05
7.200000000000000000e+01	1.086893453227768332e+05	2.023234868418270489e+05
7.250000000000000000e+01	1.064560731819382636e+05	2.009281524498144281e+05
7.300000000000000000e+01	1.042835679752705037e+05	1.995519322275554296e+05
7.350000000000000000e+01	1.021697768611423671e+05	1.981944360899530002e+05
7.400000000000000000e+01	1.001127296582527633e+05	1.968552844947506674e+05
7.450000000000000000e+01	9.811053498838297674e+04	1.955341080887455901e+05
7.500000000000000000e+01	9.616137662349230959e+04	1.942305473681539879e+05
7.550000000000000000e+01	9.426351002505887300e+04	1.929442523524707940e+05
7.600000000000000000e+01	9.241525906435842626e+04	1.916748822712045803e+05
7.650000000000000000e+01	9.061501291310686793e+04	1.904221052628960460e+05
7.700000000000000000e+01	8.886122309457545634e+04	1.891855980858642433e+05
7.750000000000000000e+01	8.715240068592166062e+04	1.879650458401489886e+05
7.800000000000000000e+01	8.548711366306709533e+04	1.867601417001480586e+05
7.850000000000000000e+01	8.386398438000393799e+04	1.855705866574719257e+05
7.900000000000000000e+01	8.228168717492086580e+04	1.843960892735638772e+05
7.950000000000000000e+01	8.073894609601575939e+04	1.832363654416546633e+05
8.000000000000000000e+01	7.923453274030433386e+04	1.820911381576443382e+05
8.050000000000000000e+01	7.776726419914845610e+04	1.809601372995223501e+05
8.100000000000000000e+01	7.633600110461142322e+04	1.798430994149573671e+05
8.150000000000000000e+01	7.493964577110750542e+04	1.787397675167061097e+05
8.200000000000000000e+01	7.357714042714814423e+04	1.776498908855066693e+05
8.250000000000000000e+01	7.224746553230074642e+04	1.765732248801399837e+05
8.300000000000000000e+01	7.094963817476756230e+04	1.755095307543560048e+05
8.350000000000000000e+01	6.968271054526609078e+04	1.744585754803778254e+05
8.400000000000000000e+01	6.844576848314810195e+04	1.734201315787088824e+05
8.450000000000000000e+01	6.723793009093306318e+04	1.723939769539828121e+05
8.500000000000000000e+01	6.605834441365487874e+04	1.713798947366064240e+05
8.550000000000000000e+01	6.490619017963172519e+04	1.703776731299596140e+05
8.600000000000000000e+01	6.378067459946263989e+04	1.693871052629249752e+05
8.650000000000000000e+01	6.268103222024041315e+04	1.684079890475323191e+05
8.700000000000000000e+01	6.160652383214019937e+04	1.674401270415120234e+05
8.750000000000000000e+01	6.055643542470650573e+04	1.664833263155605237e+05
8.800000000000000000e+01	5.953007719031130546e+04	1.655373983251312166e+05
8.850000000000000000e+01	5.852678257239804225e+04	1.646021587865711481e+05
8.900000000000000000e+01	5.754590735626078094e+04	1.636774275574331114e+05
8.950000000000000000e+01	5.658682880023072357e+04	1.627630285207994166e+05
9.000000000000000000e+01	5.564894480526175903e+04	1.618587894734616275e+05
9.050000000000000000e+01	5.473167312101598509e+04	1.609645420178071654e+05
9.100000000000000000e+01	5.383445058665450051e+04	1.600801214572697354e+05
9.150000000000000000e+01	5.295673240463535330e+04	1.592053666952081549e+05
9.200000000000000000e+01	5.209799144591391087e+04	1.583401201370820636e+05
9.250000000000000000e+01	5.125771758502541343e+04	1.574842275958005048e+05
9.300000000000000000e+01	5.043541706361208344e+04	1.566375382001241669e+05
9.350000000000000000e+01	4.963061188103297900e+04	1.557999043060058320e+05
9.400000000000000000e+01	4.884283921076714614e+04	1.549711814107611426e+05
9.450000000000000000e+01	4.807165084138797829e+04	1.541512280699634575e+05
9.500000000000000000e+01	4.731661264095152001e+04	1.533399058169636410e+05
9.550000000000000000e+01	4.657730404370095494e+04	1.525370790849376644e+05
9.600000000000000000e+01	4.585331755804646673e+04	1.517426151313702576e+05
9.650000000000000000e+01	4.514425829483428970e+04	1.509563839648865105e+05
9.700000000000000000e+01	4.444974351496737654e+04	1.501782582743458624e+05
9.750000000000000000e+01	4.376940219549035100e+04	1.494081133601184411e+05
9.800000000000000000e+01	4.310287461329442885e+04	1.486458270674647647e+05
9.850000000000000000e+01	4.244981194564168254e+04	1.478912797219446511e+05
9.900000000000000000e+01	4.180987588674813014e+04	1.471443540667833004e+05
9.950000000000000000e+01	4.118273827970266575e+04	1.464049352021261293e+05
