6.000000000000000000e+00	-5.708493620851449180e+01	-3.192833137183180625e+01	1.811369483169284820e+02	-1.291241304758757451e+02	-3.574487089078122608e+02	-1.861921657703940809e+03	-1.862090666843902227e+02	-3.893770402796440635e+02	-1.680784709387012299e+03	1.735317128170407386e+03	1.735317128170407386e+03
6.500000000000000000e+00	-5.710636820583950879e+01	-3.288581455019146915e+01	1.616993304511889278e+02	-1.021589471444666941e+02	-2.853863120546473056e+02	-1.469104018923542299e+03	-1.592653153503061958e+02	-3.182721266048387747e+02	-1.307404688472353428e+03	1.354979559508810553e+03	1.354979559508810553e+03
7.000000000000000000e+00	-5.714250324071529974e+01	-3.369887153519148626e+01	1.454575388795693414e+02	-8.221192600132266648e+01	-2.314387241480502269e+02	-1.179483817487044007e+03	-1.393544292420379520e+02	-2.651375956832417273e+02	-1.034026278607474751e+03	1.076535158016164132e+03	1.076535158016164132e+03
7.500000000000000000e+00	-5.717663624213628282e+01	-3.439004994269395610e+01	1.317006543094577751e+02	-6.713744329416418566e+01	-1.902593407495472206e+02	-9.612728394983122371e+02	-1.243140795363004685e+02	-2.246493906922411838e+02	-8.295721851888545189e+02	8.683958484172779890e+02	8.683958484172779890e+02
8.000000000000000000e+00	-5.720202708603935093e+01	-3.497978565290242159e+01	1.199079245477996380e+02	-5.553294037386482529e+01	-1.582872112804469680e+02	-7.937472034259393467e+02	-1.127349674599041691e+02	-1.932669969333493896e+02	-6.738392788781396803e+02	7.100145623512465818e+02	7.100145623512465818e+02
8.500000000000000000e+00	-5.721671748329251272e+01	-3.548550271415867741e+01	1.096910808297929236e+02	-4.645442145611335150e+01	-1.330887015578077239e+02	-6.630022046088035950e+02	-1.036711389394058642e+02	-1.685742042719664084e+02	-5.533111237790106998e+02	5.876377856235181980e+02	5.876377856235181980e+02
9.000000000000000000e+00	-5.722094026075134821e+01	-3.592163298965134999e+01	1.007558184732191648e+02	-3.925031488788913236e+01	-1.129624300188139046e+02	-5.594713253801521660e+02	-9.647125514864048057e+01	-1.488840630084652616e+02	-4.587155069069330011e+02	4.918262737641689455e+02	4.918262737641689455e+02
9.500000000000000000e+00	-5.721583311273004568e+01	-3.629996748525018546e+01	9.287562599110111705e+01	-3.346087390062469069e+01	-9.669475045516554701e+01	-4.764256000206493127e+02	-9.067670701335472927e+01	-1.329947179404157396e+02	-3.835499740295481956e+02	4.159572607527167634e+02	4.159572607527167634e+02
1.000000000000000000e+01	-5.720281238452251671e+01	-3.663008646007850189e+01	8.587369914556998651e+01	-2.875533174617621057e+01	-8.340422166947799099e+01	-4.090381508683757943e+02	-8.595814413069872728e+01	-1.200343081295564929e+02	-3.231644517228057794e+02	3.552918526054839958e+02	3.552918526054839958e+02
1.050000000000000000e+01	-5.718328111988298446e+01	-3.691976709672918133e+01	7.961023555815275188e+01	-2.489155807582811519e+01	-7.244024227842567143e+01	-3.537852530311254782e+02	-8.207483919571109254e+01	-1.093600093751548457e+02	-2.741750174729727405e+02	3.063785747826382817e+02	3.063785747826382817e+02
1.100000000000000000e+01	-5.715850528157545796e+01	-3.717533469992341821e+01	7.397336845245879999e+01	-2.168952975485055745e+01	-6.331552932495858954e+01	-3.080536180359612217e+02	-7.884803503642601186e+01	-1.004908640248820006e+02	-2.340802495835024217e+02	2.666626888536293905e+02	2.666626888536293905e+02
1.150000000000000000e+01	-5.712957300760309920e+01	-3.740195191184092494e+01	6.887260071661341954e+01	-1.901350793466511746e+01	-5.566024643737073063e+01	-2.698773280617113528e+02	-7.614308094226821311e+01	-9.306219834921165557e+01	-2.010047273450979333e+02	2.342247680157800573e+02	2.342247680157800573e+02
1.200000000000000000e+01	-5.709739323856285154e+01	-3.760385146573339910e+01	6.423398299190147043e+01	-1.675983155537543823e+01	-4.919027836102147688e+01	-2.377581838703398489e+02	-7.385722479393828621e+01	-8.679412982675486887e+01	-1.735242008784383643e+02	2.076024058558728314e+02	2.076024058558728314e+02
1.250000000000000000e+01	-5.706271147155877088e+01	-3.778452133047519368e+01	5.999652590029144505e+01	-1.484841071859297124e+01	-4.368492921699560583e+01	-2.105408498898729022e+02	-7.191112219015174389e+01	-8.146945054747079951e+01	-1.505443239895814713e+02	1.856665676761268742e+02	1.856665676761268742e+02
1.300000000000000000e+01	-5.702613151163333782e+01	-3.794685121739981071e+01	5.610949760374974460e+01	-1.321670398111014677e+01	-3.897100999724484893e+01	-1.873246860891509300e+02	-7.024283549274348104e+01	-7.691786121464465964e+01	-1.312151884854011996e+02	1.675345904616575581e+02	1.675345904616575581e+02
1.350000000000000000e+01	-5.698813785970507695e+01	-3.809324835543424825e+01	5.253036472405344171e+01	-1.181539220872470963e+01	-3.491132840789269665e+01	-1.674005703689715858e+02	-6.880353006842977948e+01	-7.300457676332695200e+01	-1.148702056449181441e+02	1.525082231329694764e+02	1.525082231329694764e+02
1.400000000000000000e+01	-5.694911634855849769e+01	-3.822572907701117373e+01	4.922320651309127015e+01	-1.060522959782791119e+01	-3.139625741110220147e+01	-1.502050162361985315e+02	-6.755434594638640533e+01	-6.962198648811337875e+01	-1.009818097231072613e+02	1.400290561053274132e+02	1.400290561053274416e+02
1.450000000000000000e+01	-5.690937214384237564e+01	-3.834599145583444368e+01	4.615748115890507819e+01	-9.554723374769249489e+00	-2.833748650169922456e+01	-1.352864359983496740e+02	-6.646409551861162868e+01	-6.668347795753366825e+01	-8.912895483944458874e+01	1.296461831925327601e+02	1.296461831925327601e+02
1.500000000000000000e+01	-5.686914496291171162e+01	-3.845547312194738510e+01	4.330705695421846713e+01	-8.638404676516474368e+00	-2.566334025794615314e+01	-1.222800487332874155e+02	-6.550754963942819131e+01	-6.411881337989353824e+01	-7.897299177906894840e+01	1.209925399334382661e+02	1.209925399334382661e+02
1.550000000000000000e+01	-5.650952766978262787e+01	-3.832471005224174831e+01	4.071410184241790375e+01	-7.835526413934982060e+00	-2.331523558327452861e+01	-1.108890185434992617e+02	-6.434505408371761348e+01	-6.163994563551627692e+01	-7.017491670108135793e+01	1.134208438382894997e+02	1.134208438382894997e+02
1.600000000000000000e+01	-5.463070672720628806e+01	-3.708724496010846394e+01	3.860230008398883683e+01	-7.129073073953639650e+00	-2.124497538109513783e+01	-1.008701352874887220e+02	-6.175977980115992949e+01	-5.833222034120360178e+01	-6.226783520349988521e+01	1.053290160969554847e+02	1.053290160969554847e+02
1.650000000000000000e+01	-5.286324726904685889e+01	-3.592270596395109550e+01	3.662435308618872654e+01	-6.505000854179420422e+00	-1.941266296116426915e+01	-9.202284313358472900e+01	-5.936824812322628020e+01	-5.533536892511536109e+01	-5.539849004739600247e+01	9.826283447382849090e+01	9.826283447382849090e+01
1.700000000000000000e+01	-5.119740275322079981e+01	-3.482476289200442920e+01	3.476746379206979753e+01	-5.951649572060414783e+00	-1.778508153634305344e+01	-8.418076144457405974e+01	-5.714905232528121815e+01	-5.260984442834748620e+01	-4.941329765250426220e+01	9.206239132972616801e+01	9.206239132972615380e+01
1.750000000000000000e+01	-4.962452828125697124e+01	-3.378779455433205214e+01	3.302041593378439188e+01	-5.459283875341268022e+00	-1.633442533835317434e+01	-7.720507867860028739e+01	-5.508381215659824193e+01	-5.012221989268522293e+01	-4.418466274481589551e+01	8.659530998008617075e+01	8.659530998008618496e+01
1.800000000000000000e+01	-4.813692900076411973e+01	-3.280679212643644860e+01	3.137333696657349691e+01	-5.019732635459559944e+00	-1.503729881871423757e+01	-7.097936637835350382e+01	-5.315666163622368146e+01	-4.784409094515068261e+01	-3.960602941178000691e+01	8.175160720403366099e+01	8.175160720403366099e+01
1.850000000000000000e+01	-4.672773294397152455e+01	-3.187727795281297460e+01	2.981750238627374827e+01	-4.626103508461782532e+00	-1.387392187648344510e+01	-6.540547882464692009e+01	-5.135383645243330619e+01	-4.575119982929641793e+01	-3.558797643837317537e+01	7.743960789661633726e+01	7.743960789661633726e+01
1.900000000000000000e+01	-4.539078380897211673e+01	-3.099523696199968725e+01	2.834517326333511278e+01	-4.272555489192399136e+00	-1.282749461086999787e+01	-6.040028920015162583e+01	-4.966333929816451587e+01	-4.382273157286968512e+01	-3.205511593681651306e+01	7.358267140077987278e+01	7.358267140077987278e+01
1.950000000000000000e+01	-4.412055011498217283e+01	-3.015705845759893577e+01	2.694946061067246745e+01	-3.954116535567008484e+00	-1.188368646990287303e+01	-5.589307505887231997e+01	-4.807466665054918309e+01	-4.204074492750180525e+01	-2.894361444819985252e+01	7.011655029268580108e+01	7.011655029268580108e+01
2.000000000000000000e+01	-4.291204787774166363e+01	-2.935948649359696816e+01	2.562421156212579731e+01	-3.666536461465863983e+00	-1.103022305367767686e+01	-5.182341131512919219e+01	-4.657858433920753072e+01	-4.038970954727464857e+01	-2.619919975300339487e+01	6.698724672693789728e+01	6.698724672693788307e+01
2.050000000000000000e+01	-4.176077450805440350e+01	-2.859957738884583023e+01	2.436391338181570276e+01	-3.406167608720891860e+00	-1.025655006723107476e+01	-4.813946255074502290e+01	-4.516694211677529580e+01	-3.885612745607690499e+01	-2.377554916892932013e+01	6.414926374750686477e+01	6.414926374750686477e+01
2.100000000000000000e+01	-4.066265207344908816e+01	-2.787466320808949050e+01	2.316361213140571351e+01	-3.169867534671656273e+00	-9.553558591611789552e+00	-4.479659147615083725e+01	-4.383251960812074799e+01	-3.742822179970127650e+01	-2.163297934474512374e+01	6.156417267871056254e+01	6.156417267871056964e+01
2.150000000000000000e+01	-3.961397840819054750e+01	-2.718232025268404328e+01	2.201884345019815825e+01	-2.954919250163567490e+00	-8.913359369938870458e+00	-4.175621918980916547e+01	-4.256889765835411765e+01	-3.609567962262291019e+01	-1.973737573961100722e+01	5.919943527055850296e+01	5.919943527055850296e+01
2.200000000000000000e+01	-3.861138483138775257e+01	-2.652034177608121368e+01	2.092557339490118551e+01	-2.758965526659837852e+00	-8.329096487595547771e+00	-3.898488711350412927e+01	-4.137035035804758820e+01	-3.484943826367675968e+01	-1.805931371860294377e+01	5.702743241658654938e+01	5.702743241658655649e+01
2.250000000000000000e+01	-3.765179945254506322e+01	-2.588671427695087246e+01	1.988014767366050606e+01	-2.579954541689623237e+00	-7.794792878654510204e+00	-3.645348132660594587e+01	-4.023175399423468690e+01	-3.368150715560538089e+01	-1.657333365294543981e+01	5.502466121747201555e+01	5.502466121747201555e+01
2.300000000000000000e+01	-3.673241522057144692e+01	-2.527959683390172074e+01	1.887924791640941180e+01	-2.416094708203486707e+00	-7.305221671881445111e+00	-3.413658834129171993e+01	-3.914850992877493496e+01	-3.258481850578316852e+01	-1.525734042488230813e+01	5.317106979870695227e+01	5.317106979870695938e+01
2.350000000000000000e+01	-3.585066201516286810e+01	-2.469730303577872021e+01	1.791985386876202568e+01	-2.265816978743227850e+00	-6.855798615005953778e+00	-3.201195778170725248e+01	-3.811647899390609950e+01	-3.155310165078467577e+01	-1.409210391294522680e+01	5.144950521988410941e+01	5.144950521988410230e+01
2.400000000000000000e+01	-3.500418219564924271e+01	-2.413828513483852589e+01	1.699921059323366279e+01	-2.127743261481465087e+00	-6.442491771001598977e+00	-3.006005241591438448e+01	-3.713192545713070558e+01	-3.058077690584012487e+01	-1.306084182268072169e+01	4.984525447257503572e+01	4.984525447257504283e+01
2.450000000000000000e+01	-3.419080911730682715e+01	-2.360112011010595978e+01	1.611479991997141781e+01	-2.000659855764630013e+00	-6.061745428629865096e+00	-2.826366988313189665e+01	-3.619146897307145849e+01	-2.966286553873582577e+01	-1.214886996316047885e+01	4.834566226436140113e+01	4.834566226436140113e+01
2.500000000000000000e+01	-3.340854820302912742e+01	-2.308449737754459008e+01	1.526431551745933213e+01	-1.883495027445802439e+00	-5.710415759253358203e+00	-2.660762351614613408e+01	-3.529204323047493119e+01	-2.879491313679794828e+01	-1.134330799868680195e+01	4.693981225239959088e+01	4.693981225239959088e+01
2.550000000000000000e+01	-3.265556022246028078e+01	-2.258720792440429292e+01	1.444564105804437659e+01	-1.775300012288659079e+00	-5.385716218945542977e+00	-2.507847207203381856e+01	-3.443086023474894120e+01	-2.797292414334983590e+01	-1.063283101398944197e+01	4.561826078454193123e+01	4.561826078454193123e+01
2.600000000000000000e+01	-3.193014648384506415e+01	-2.210813467887583883e+01	1.365683103845118040e+01	-1.675232869097976307e+00	-5.085171066556933184e+00	-2.366429009874767786e+01	-3.360537935294303935e+01	-2.719330574543277379e+01	-1.000745906029649746e+01	4.437281415082108538e+01	4.437281415082108538e+01
2.650000000000000000e+01	-3.123073568802447042e+01	-2.164624395428916515e+01	1.289609388549978242e+01	-1.582544710624412598e+00	-4.806575665504210448e+00	-2.235447219108355910e+01	-3.281328039864888524e+01	-2.645281961979337382e+01	-9.458378305583776680e+00	4.319634193458073668e+01	4.319634193458073668e+01
2.700000000000000000e+01	-3.055587223085779414e+01	-2.120057783057246326e+01	1.216177703498732932e+01	-1.496567925547916067e+00	-4.547962475638644086e+00	-2.113956561149790048e+01	-3.205244015640570865e+01	-2.574854030621110823e+01	-8.977788576510571161e+00	4.208262035098421450e+01	4.208262035098421450e+01
2.750000000000000000e+01	-2.990420577121216184e+01	-2.077024735538046230e+01	1.145235371949254244e+01	-1.416706073463325888e+00	-4.307571833972666298e+00	-2.001112673407353881e+01	-3.132091184467548928e+01	-2.507781918935312859e+01	-8.558773014580996374e+00	4.102620052589492872e+01	4.102620052589492872e+01
2.800000000000000000e+01	-2.927448190758947533e+01	-2.035442646386374932e+01	1.076641124057851151e+01	-1.342425190253042411e+00	-4.083826778874437125e+00	-1.896159756379556782e+01	-3.061690709784251752e+01	-2.443825324273818467e+01	-8.195186323217056312e+00	4.002229754357396985e+01	4.002229754357396985e+01
2.850000000000000000e+01	-2.866553382832247365e+01	-1.995234653003744185e+01	1.010264053399378703e+01	-1.273246286239957392e+00	-3.875311299040252067e+00	-1.798419922714846209e+01	-2.993878011456243016e+01	-2.382765782907769392e+01	-7.881558693154675055e+00	3.906669681200815347e+01	3.906669681200815347e+01
2.900000000000000000e+01	-2.807627481876308906e+01	-1.956329147454923145e+01	9.459826864196219987e+00	-1.208738856181583721e+00	-3.680751491964270095e+00	-1.707283985428374962e+01	-2.928501367494467189e+01	-2.324404296651350066e+01	-7.613012990087529630e+00	3.815567488799095486e+01	3.815567488799096196e+01
2.950000000000000000e+01	-2.750569152457597255e+01	-1.918659336370652113e+01	8.836841507810417440e+00	-1.148515250151559197e+00	-3.498999201337520404e+00	-1.622203470147190529e+01	-2.865420677472753042e+01	-2.268559256504403976e+01	-7.385193193661487854e+00	3.728593239311210539e+01	3.728593239311210539e+01
3.000000000000000000e+01	-2.695283788360131183e+01	-1.882162844319343264e+01	8.232634305251760765e+00	-1.092225778963998417e+00	-3.329017772451060786e+00	-1.542683671401767498e+01	-2.804506366256531180e+01	-2.215064621564449254e+01	-7.194202408765914214e+00	3.645453705516338516e+01	3.645453705516337806e+01
3.050000000000000000e+01	-2.641682965014653917e+01	-1.846781355722930940e+01	7.646226976337942460e+00	-1.039554448063976899e+00	-3.169869622129063202e+00	-1.468277601913818664e+01	-2.745638409821051695e+01	-2.163768317935837260e+01	-7.036549042800244180e+00	3.565887524236411821e+01	3.565887524236411110e+01
3.100000000000000000e+01	-2.589683944531930493e+01	-1.812460291019507252e+01	7.076707109775936644e+00	-9.902152305559719370e-01	-3.020705367268149644e+00	-1.398580707727403905e+01	-2.688705467587527664e+01	-2.114530827746322217e+01	-6.909099967498102401e+00	3.489661063274402863e+01	3.489661063274402863e+01
3.150000000000000000e+01	-2.539209227538194114e+01	-1.779148513313947433e+01	6.523222748375617108e+00	-9.439488039274563924e-01	-2.880754295541709809e+00	-1.333226241833625458e+01	-2.633604107930939620e+01	-2.067223942868118414e+01	-6.809039669960637475e+00	3.416564888824579072e+01	3.416564888824579072e+01
3.200000000000000000e+01	-2.490186146730854944e+01	-1.746798062221892778e+01	5.984977502046167963e+00	-9.005196865728274380e-01	-2.749315994712752342e+00	-1.271881205401820480e+01	-2.580238115388137743e+01	-2.021729661693168012e+01	-6.733834551972036842e+00	3.346410739106158161e+01	3.346410739106158161e+01
3.250000000000000000e+01	-2.442546497693507490e+01	-1.715363912012948333e+01	5.461226129359077142e+00	-8.597137198560557136e-01	-2.625752984470634210e+00	-1.214242779457750032e+01	-2.528517869679113161e+01	-1.977939210460011665e+01	-6.681201665218423180e+00	3.279028925531909522e+01	3.279028925531909522e+01
3.300000000000000000e+01	-2.396226203046174774e+01	-1.684803751505421943e+01	4.951270535947805307e+00	-8.213358495100845369e-01	-2.509484217723360722e+00	-1.160035181330055032e+01	-2.478359787997183261e+01	-1.935752173277758104e+01	-6.649081277352745012e+00	3.214266095618008023e+01	3.214266095618008023e+01
3.350000000000000000e+01	-2.351165006472081487e+01	-1.655077783465772967e+01	4.454456144449880028e+00	-7.852081669332892089e-01	-2.399979337614722930e+00	-1.109006889815514185e+01	-2.429685823165410241e+01	-1.895075717227245349e+01	-6.635612753705261824e+00	3.151983302539322551e+01	3.151983302539322551e+01
3.400000000000000000e+01	-2.307306193566118679e+01	-1.626148541526874070e+01	3.970168596246411941e+00	-7.511681766327992227e-01	-2.296753592826623613e+00	-1.060928191112454932e+01	-2.382423011229398568e+01	-1.855823900809536298e+01	-6.639113314878137828e+00	3.092054335119161479e+01	3.092054335119161479e+01
3.450000000000000000e+01	-2.264596336802212662e+01	-1.597980722867142767e+01	3.497830750047471682e+00	-7.190672608640760188e-01	-2.199363327487609432e+00	-1.015589004401558526e+01	-2.336503062888620263e+01	-1.817917055615903621e+01	-6.658059293968113579e+00	3.034364269432240135e+01	3.034364269432240135e+01
3.500000000000000000e+01	-2.222985062223403574e+01	-1.570541035090987592e+01	3.036899946525371874e+00	-6.887693165756566538e-01	-2.107401973661626293e+00	-9.727969517281444212e+00	-2.291861993880969095e+01	-1.781281232457150310e+01	-6.691069570756072338e+00	2.978808209352709113e+01	2.978808209352709113e+01
3.550000000000000000e+01	-2.182424835726720502e+01	-1.543798055924996149e+01	2.586865511802226791e+00	-6.601495432100241700e-01	-2.020496484283682115e+00	-9.323756417351303227e+00	-2.248439790047723008e+01	-1.745847704353364449e+01	-6.736890905549076436e+00	2.925290188510955147e+01	2.925290188510954792e+01
3.600000000000000000e+01	-2.142870767049818070e+01	-1.517722104496447422e+01	2.147246475735209881e+00	-6.330933628373067723e-01	-1.938304152827530435e+00	-8.941631409554389620e+00	-2.206180103333548814e+01	-1.711552519779200310e+01	-6.794384933819179295e+00	2.873722210408731925e+01	2.873722210408731925e+01
3.650000000000000000e+01	-2.104280429772481398e+01	-1.492285123094552546e+01	1.717589483677423035e+00	-6.074954565912268345e-01	-1.860509773171171943e+00	-8.580106099156346033e+00	-2.165029975431604115e+01	-1.678336100411669918e+01	-6.862516615478923221e+00	2.824023407027581101e+01	2.824023407027580745e+01
3.700000000000000000e+01	-2.066613695827241770e+01	-1.467460568432437817e+01	1.297466882782101427e+00	-5.832589035053685755e-01	-1.786823099264715164e+00	-8.237810843273331685e+00	-2.124939586177778494e+01	-1.646142878358909201e+01	-6.940343960491230035e+00	2.776119299269469920e+01	2.776119299269470275e+01
3.750000000000000000e+01	-2.029832583173091365e+01	-1.443223311531577302e+01	8.864749660094294326e-01	-5.602944096697459742e-01	-1.716976569464833347e+00	-7.913483842311329397e+00	-2.085862024140065785e+01	-1.614920968478060814e+01	-7.027008876301899853e+00	2.729941145090140608e+01	2.729941145090140253e+01
3.800000000000000000e+01	-1.993901115426843873e+01	-1.419549545441828009e+01	4.842323588310414872e-01	-5.385196171902807416e-01	-1.650723264916117206e+00	-7.605961361772251905e+00	-2.047753077145872069e+01	-1.584621871933439685e+01	-7.121729002941210140e+00	2.685425363305330393e+01	2.685425363305330038e+01
3.850000000000000000e+01	-1.958785192371518136e+01	-1.396416700091304541e+01	9.037853523940704570e-02	-5.178584837770074945e-01	-1.587835075245380034e+00	-7.314168954341099926e+00	-2.010571040749218952e+01	-1.555200207615842523e+01	-7.223790419101693061e+00	2.642513022836180880e+01	2.642513022836180880e+01
3.900000000000000000e+01	-1.924452470371019785e+01	-1.373803363631960117e+01	-2.954275489102027863e-01	-4.982407249437150742e-01	-1.528101048185110944e+00	-7.037113568592181956e+00	-1.974276542865391448e+01	-1.526613468450471167e+01	-7.332541117502384687e+00	2.601149388666773632e+01	2.601149388666773632e+01
3.950000000000000000e+01	-1.890872251818159100e+01	-1.351689209710218265e+01	-6.735087159444631544e-01	-4.796013118001725140e-01	-1.471325902636423155e+00	-6.773876444823990539e+00	-1.938832382998176485e+01	-1.498821799973860536e+01	-7.447385160768453360e+00	2.561283517060853043e+01	2.561283517060853043e+01
4.000000000000000000e+01	-1.858015382830004825e+01	-1.330054930148814485e+01	-1.044170729416597609e+00	-4.618800182814426503e-01	-1.417328687186729441e+00	-6.523606710783735885e+00	-1.904203384658148934e+01	-1.471787798867487496e+01	-7.567777440200333494e+00	2.522867893664431449e+01	2.522867893664431449e+01
4.050000000000000000e+01	-1.825854158481532252e+01	-1.308882172576010916e+01	-1.407703368783381537e+00	-4.450210124067917605e-01	-1.365941568269611661e+00	-6.285515600655235957e+00	-1.870356259722211334e+01	-1.445476329402972127e+01	-7.693218969438617272e+00	2.485858109036726660e+01	2.485858109036727015e+01
4.100000000000000000e+01	-1.794362234937522871e+01	-1.288153482583394194e+01	-1.764381423479079780e+00	-4.289724868099023536e-01	-1.317008734041376528e+00	-6.058871229893007637e+00	-1.837259483618512945e+01	-1.419854355987531846e+01	-7.823252653372087195e+00	2.450212566931258706e+01	2.450212566931259062e+01
4.150000000000000000e+01	-1.763514547903808705e+01	-1.267852250033356043e+01	-2.114465613378650577e+00	-4.136863243466014084e-01	-1.270385401691067173e+00	-5.842993866491743127e+00	-1.804883180338469018e+01	-1.394890790202462760e+01	-7.957459479870394148e+00	2.415892221312480004e+01	2.415892221312480004e+01
4.200000000000000000e+01	-1.733287236874027926e+01	-1.247962659173223088e+01	-2.458203441957379720e+00	-3.991177950780467332e-01	-1.225936917332453024e+00	-5.637251646253204740e+00	-1.773199016381832749e+01	-1.370556350906468346e+01	-8.095455088210584904e+00	2.382860338660220378e+01	2.382860338660220378e+01
4.250000000000000000e+01	-1.703657574696878640e+01	-1.228469642244932558e+01	-2.795829987841981890e+00	-3.852252813563230016e-01	-1.183537938876774831e+00	-5.441056685695413009e+00	-1.742180102832510968e+01	-1.346823436132610041e+01	-8.236886673537394898e+00	2.351082282598490636e+01	2.351082282598490281e+01
4.300000000000000000e+01	-1.674603902032972513e+01	-1.209358836307927021e+01	-3.127568639903619108e+00	-3.719700281144051601e-01	-1.143071693378691300e+00	-5.253861551564708243e+00	-1.711800904844412941e+01	-1.323666005645796062e+01	-8.381430191468327351e+00	2.320525318300366280e+01	2.320525318300366280e+01
4.350000000000000000e+01	-1.646105566309735835e+01	-1.190616543018630580e+01	-3.453631780555726838e+00	-3.593159157906924972e-01	-1.104429301306031785e+00	-5.075156050564118893e+00	-1.682037157888805012e+01	-1.301059473149233803e+01	-8.528787831119846174e+00	2.291158434476452754e+01	2.291158434476452754e+01
4.400000000000000000e+01	-1.618142864818211279e+01	-1.172229691133044405e+01	-3.774221421483927141e+00	-3.472292536061429846e-01	-1.067509161024735587e+00	-4.904464306990370837e+00	-1.652865790178825733e+01	-1.278980607235518008e+01	-8.678685728474297534e+00	2.262952181060007106e+01	2.262952181060007106e+01
4.450000000000000000e+01	-1.590696991627506840e+01	-1.154185801519819066e+01	-4.089529795644693877e+00	-3.356785911648060283e-01	-1.032216387529312218e+00	-4.741342099553576439e+00	-1.624264850743987409e+01	-1.257407440272750243e+01	-8.830871895198271204e+00	2.235878520964340055e+01	2.235878520964340055e+01
4.500000000000000000e+01	-1.563749988021363357e+01	-1.136472954489940257e+01	-4.399739909019379169e+00	-3.246345465708551647e-01	-9.984623000995114239e-01	-4.585374431803244555e+00	-1.596213442678448935e+01	-1.236319184499891399e+01	-8.985114340822622836e+00	2.209910694513790830e+01	2.209910694513790830e+01
4.550000000000000000e+01	-1.537284696186977939e+01	-1.119079759265981799e+01	-4.705026055295144616e+00	-3.140696494510244463e-01	-9.661639541371863649e-01	-4.436173313358134251e+00	-1.568691661132080384e+01	-1.215696154679700491e+01	-9.141199368653278867e+00	2.185023095343160904e+01	2.185023095343160549e+01
4.600000000000000000e+01	-1.511284715909817500e+01	-1.101995325429288108e+01	-5.005554296361618860e+00	-3.039581974440839773e-01	-9.352437129433839313e-01	-4.293375731584044175e+00	-1.541680535654225892e+01	-1.195519696723626524e+01	-9.298930027945662147e+00	2.161191156727129226e+01	2.161191156727129581e+01
4.650000000000000000e+01	-1.485734364049134726e+01	-1.085209236197206728e+01	-5.301482911257228814e+00	-2.942761248715558553e-01	-9.056288556430106551e-01	-4.156641795524395278e+00	-1.515161976536290389e+01	-1.175772121761507805e+01	-9.458124706781624980e+00	2.138391247443565035e+01	2.138391247443564680e+01
4.700000000000000000e+01	-1.460618636587916619e+01	-1.068711523394937046e+01	-5.592962815969135804e+00	-2.850008824388219897e-01	-8.772512178603790733e-01	-4.025653035799691359e+00	-1.489118724831798879e+01	-1.156436645180975020e+01	-9.618615851768826275e+00	2.116600576396287536e+01	2.116600576396287536e+01
4.750000000000000000e+01	-1.435923173068371561e+01	-1.052492643997912580e+01	-5.880137956283183698e+00	-2.761113269353355770e-01	-8.500468620999142022e-01	-3.900110845884634081e+00	-1.463534305761905152e+01	-1.137497330207903978e+01	-9.780248802167818667e+00	2.095797105326548859e+01	2.095797105326548859e+01
4.800000000000000000e+01	-1.411634223239795105e+01	-1.036543458130999262e+01	-6.163145675693170844e+00	-2.675876200086433898e-01	-8.239557750977481998e-01	-3.779735051672648449e+00	-1.438392985240659527e+01	-1.118939035640774016e+01	-9.942880727365819737e+00	2.075959469030276594e+01	2.075959469030276594e+01
4.850000000000000000e+01	-1.387738615759676719e+01	-1.020855208419908955e+01	-6.442117060208445878e+00	-2.594111351811078103e-01	-7.989215896867563060e-01	-3.664262597570691060e+00	-1.413679729277787445e+01	-1.100747367388584586e+01	-1.010637965777913649e+01	2.057066902571605027e+01	2.057066902571605027e+01
4.900000000000000000e+01	-1.364223728802065061e+01	-1.005419500598942051e+01	-6.717177261745768568e+00	-2.515643723619219729e-01	-7.748913289638502677e-01	-3.553446338552264550e+00	-1.389380166038257336e+01	-1.082908633495327066e+01	-1.027062360029803401e+01	2.039099175045000578e+01	2.039099175045000578e+01
4.950000000000000000e+01	-1.341077462438780010e+01	-9.902282852866386875e+00	-6.988445801651462119e+00	-2.440308791815715694e-01	-7.518151707677668272e-01	-3.447053928651691024e+00	-1.365480550356937250e+01	-1.065409802363415359e+01	-1.043549973030315314e+01	2.022036529488700296e+01	2.022036529488700296e+01
5.000000000000000000e+01	-1.318288212669909321e+01	-9.752738408481748777e+00	-7.256036855773640326e+00	-2.367951785423176303e-01	-7.296462306712603318e-01	-3.344866797323013508e+00	-1.341967730524141089e+01	-1.048238463915300933e+01	-1.060090365309665472e+01	2.005859628593686850e+01	2.005859628593686850e+01
5.050000000000000000e+01	-1.295844846989657206e+01	-9.605487572695190934e+00	-7.520059522389299644e+00	-2.298427018375973074e-01	-7.083403618663860479e-01	-3.246679205926159995e+00	-1.318829117173416954e+01	-1.031382793456157643e+01	-1.076673872831545964e+01	1.990549505885227077e+01	1.990549505885226722e+01
5.100000000000000000e+01	-1.273736681382584024e+01	-9.460459209743589781e+00	-7.780618074186354427e+00	-2.231597273462012088e-01	-6.878559704777644779e-01	-3.152297377352629493e+00	-1.296052654117204206e+01	-1.014831518022135448e+01	-1.093291545153898348e+01	1.976087522080021586e+01	1.976087522080021941e+01
5.150000000000000000e+01	-1.251953458653425244e+01	-9.317585005200919923e+00	-8.037812195405491522e+00	-2.167333233544933568e-01	-6.681538449785594524e-01	-3.061538692473619871e+00	-1.273626790988874546e+01	-9.985738850179480153e+00	-1.109935088787911184e+01	1.962455326341745021e+01	1.962455326341744666e+01
5.200000000000000000e+01	-1.230485328000935930e+01	-9.176799331139626759e+00	-8.291737205159931179e+00	-2.105512956023733728e-01	-6.491969985091914364e-01	-2.974230947693962346e+00	-1.251540457561173270e+01	-9.825996329648818417e+00	-1.126596815285389397e+01	1.949634822172176385e+01	1.949634822172176385e+01
5.250000000000000000e+01	-1.209322825753262975e+01	-9.038039118950637274e+00	-8.542484267871902404e+00	-2.046021386867287739e-01	-6.309505230111787100e-01	-2.890211668433487979e+00	-1.229783039621935892e+01	-9.668989641961815096e+00	-1.143269593630538949e+01	1.937608137685624499e+01	1.937608137685624499e+01
5.300000000000000000e+01	-1.188456857188272231e+01	-8.901243739317862946e+00	-8.790140591692393812e+00	-1.988749910902758988e-01	-6.133814541894244687e-01	-2.809327473840528278e+00	-1.208344356297299882e+01	-9.514625193507287193e+00	-1.159946806553292120e+01	1.926357600020814687e+01	1.926357600020814687e+01
5.350000000000000000e+01	-1.167878679368192429e+01	-8.766354888882492702e+00	-9.034789615704609034e+00	-1.933595935343611072e-01	-5.964586464069695504e-01	-2.731433488476165738e+00	-1.187214638721628468e+01	-9.362813535289461697e+00	-1.176622310418077433e+01	1.915865713648661739e+01	1.915865713648662094e+01
5.400000000000000000e+01	-1.147579884923014149e+01	-8.633316483165096145e+00	-9.276511186650994389e+00	-1.880462503818822462e-01	-5.801526566978443267e-01	-2.656392797098062086e+00	-1.166384509961202376e+01	-9.213469139862940693e+00	-1.193290398374905692e+01	1.906115142336171431e+01	1.906115142336171431e+01
5.450000000000000000e+01	-1.127552386721897015e+01	-8.502074555345819462e+00	-9.515381725868262919e+00	-1.829257938413329232e-01	-5.644356371571843667e-01	-2.584075939024033985e+00	-1.145844966106030327e+01	-9.066510192503002941e+00	-1.209945766489229690e+01	1.897088694527313635e+01	1.897088694527313635e+01
5.500000000000000000e+01	-1.107788403376308572e+01	-8.372577160531754714e+00	-9.751474387064432037e+00	-1.779895507453440884e-01	-5.492812350340344763e-01	-2.514360438871981795e+00	-1.125587358450843034e+01	-8.921858395565788413e+00	-1.226583482593641428e+01	1.888769311901580394e+01	1.888769311901580750e+01
5.550000000000000000e+01	-1.088280445522590689e+01	-8.244774285167334682e+00	-9.984859205524776016e+00	-1.732293116972949687e-01	-5.346644999121039632e-01	-2.447130370758363593e+00	-1.105603376692320161e+01	-8.779438785079438645e+00	-1.243198957628314005e+01	1.881140060870311359e+01	1.881140060870311359e+01
5.600000000000000000e+01	-1.069021302835392184e+01	-8.118617761267433508e+00	-1.021560323929143088e+01	-1.686373023977855712e-01	-5.205617974177416674e-01	-2.382275953295089899e+00	-1.085885033075170725e+01	-8.639179558685174953e+00	-1.259787919258652167e+01	1.874184126770565229e+01	1.874184126770565229e+01
5.650000000000000000e+01	-1.050004031726832210e+01	-7.994061185176149387e+00	-1.044377070282153852e+01	-1.642061569792417353e-01	-5.069507289432850783e-01	-2.319693172957700611e+00	-1.066424647424756422e+01	-8.501011914119434465e+00	-1.276346387577923913e+01	1.867884810516493843e+01	1.867884810516493843e+01
5.700000000000000000e+01	-1.031221943689436138e+01	-7.871059840574533339e+00	-1.066942309359318841e+01	-1.599288931918194379e-01	-4.938100569181205213e-01	-2.259283433608323399e+00	-1.047214833008618129e+01	-8.364869897492653195e+00	-1.292870652720151270e+01	1.862225527469238884e+01	1.862225527469238884e+01
5.750000000000000000e+01	-1.012668594243788078e+01	-7.749570625480018293e+00	-1.089261931209504120e+01	-1.557988892972694550e-01	-4.811196351998643372e-01	-2.200953230147698392e+00	-1.028248483173515027e+01	-8.230690260679882186e+00	-1.309357254224273959e+01	1.857189808288552868e+01	1.857189808288552868e+01
5.800000000000000000e+01	-9.943377724544893326e+00	-7.629551982997517356e+00	-1.111341577560463278e+01	-1.518098625396464285e-01	-4.688603441943643979e-01	-2.144613844443367334e+00	-1.009518758708454023e+01	-8.098412327191882198e+00	-1.325802962004799923e+01	1.852761301532686034e+01	1.852761301532686034e+01
5.850000000000000000e+01	-9.762234909805453498e+00	-7.510963835598730043e+00	-1.133186652613261280e+01	-1.479558490728377362e-01	-4.570140303461787123e-01	-2.090181061837893761e+00	-9.910190758878291817e+00	-7.967977865944908977e+00	-1.342204758797050701e+01	1.848923777778006539e+01	1.848923777778006539e+01
5.900000000000000000e+01	-9.583199766285838805e+00	-7.393767522721677921e+00	-1.154802333288375493e+01	-1.442311852349481560e-01	-4.455634496710993431e-01	-2.037574906683266462e+00	-9.727430951520787517e+00	-7.839330972392777319e+00	-1.358559823956702139e+01	1.845661135036028000e+01	1.845661135036028000e+01
5.950000000000000000e+01	-9.406216613793976222e+00	-7.277925741495502088e+00	-1.176193578956198849e+01	-1.406304900687258552e-01	-4.344922150294925345e-01	-1.986719395476919336e+00	-9.546847103862702966e+00	-7.712417956524994622e+00	-1.374865518503890804e+01	1.842957405253192604e+01	1.842957405253192604e+01
6.000000000000000000e+01	-9.231231738602792447e+00	-7.163402490409224832e+00	-1.197365140682388862e+01	-1.371486489955273669e-01	-4.237847468639537318e-01	-1.937542306292321159e+00	-9.368380387598319814e+00	-7.587187237273179008e+00	-1.391119371311621045e+01	1.840796761687780148e+01	1.840796761687780148e+01
6.050000000000000000e+01	-9.058193312374950068e+00	-7.050163015755291696e+00	-1.218321570016540534e+01	-1.337807985578868541e-01	-4.134262271473078121e-01	-1.889974963304052569e+00	-9.191974110932836339e+00	-7.463589242902599175e+00	-1.407319066346945746e+01	1.839163526968700069e+01	1.839163526968700069e+01
6.100000000000000000e+01	-8.887051315047589384e+00	-6.938173760688473024e+00	-1.239067227350684064e+01	-1.305223121526479513e-01	-4.034025563074987719e-01	-1.843952035304712078e+00	-9.017573627200237141e+00	-7.341576316995971574e+00	-1.423462430881155250e+01	1.838042181652157225e+01	1.838042181652157225e+01
6.150000000000000000e+01	-8.717757461453246037e+00	-6.827402316752694489e+00	-1.259606289872400176e+01	-1.273687866828949466e-01	-3.937003129146259273e-01	-1.799411347199747935e+00	-8.845126248136141456e+00	-7.221102629667320194e+00	-1.439547424592374902e+01	1.837417373104731411e+01	1.837417373104731411e+01
6.200000000000000000e+01	-8.550265131466545654e+00	-6.717817377736858830e+00	-1.279942759135722063e+01	-1.243160300626538484e-01	-3.843067159324597415e-01	-1.756293703547303187e+00	-8.674581161529198781e+00	-7.102124093669318405e+00	-1.455572129490452404e+01	1.837273924554454041e+01	1.837273924554454041e+01
6.250000000000000000e+01	-8.384529303479366646e+00	-6.609388695729543350e+00	-1.300080468271458578e+01	-1.213600495135612745e-01	-3.752095893523591519e-01	-1.714542723284097958e+00	-8.505889352992927144e+00	-6.984598285081902169e+00	-1.471534740599868307e+01	1.837596844165116750e+01	1.837596844165116750e+01
6.300000000000000000e+01	-8.220506491020621809e+00	-6.502087039251175149e+00	-1.320023088857194793e+01	-1.184970405974783425e-01	-3.663973290417685824e-01	-1.674104684845872271e+00	-8.339003531618100595e+00	-6.868484368292943287e+00	-1.487433557341782020e+01	1.838371334003188906e+01	1.838371334003188906e+01
6.350000000000000000e+01	-8.058154682347511866e+00	-6.395884153349470580e+00	-1.339774137465932569e+01	-1.157233769333971540e-01	-3.578588716525024083e-01	-1.634928380952684890e+00	-8.173878059280909270e+00	-6.753743025001972988e+00	-1.503266975561201058e+01	1.839582798780877582e+01	1.839582798780877937e+01
6.400000000000000000e+01	-7.897433282846361813e+00	-6.290752721551358562e+00	-1.359336981911115849e+01	-1.130356005509815243e-01	-3.495836654459513193e-01	-1.596964982385812082e+00	-8.010468883397344086e+00	-6.640336386997310214e+00	-1.519033480149697013e+01	1.841216854273085346e+01	1.841216854273085346e+01
6.450000000000000000e+01	-7.738303060091361374e+00	-6.186666329571109735e+00	-1.378714847204697591e+01	-1.104304128367450677e-01	-3.415616429032779511e-01	-1.560167910134711899e+00	-7.848733472928106636e+00	-6.528227972474387464e+00	-1.534731638218168825e+01	1.843259335320023595e+01	1.843259335320023951e+01
6.500000000000000000e+01	-7.580726091417804291e+00	-6.083599430680093789e+00	-1.397910821243803170e+01	-1.079046660322206391e-01	-3.337831949986718727e-01	-1.524492715339899052e+00	-7.688630757450025222e+00	-6.417382625678765606e+00	-1.550360092777793142e+01	1.845696303340739064e+01	1.845696303340739064e+01
6.550000000000000000e+01	-7.424665713876557049e+00	-5.981527312650245953e+00	-1.416927860240660308e+01	-1.054553552465504196e-01	-3.262391470229257240e-01	-1.489896966500984687e+00	-7.530121069123107524e+00	-6.307766459673171511e+00	-1.565917556890758711e+01	1.848514053296057114e+01	1.848514053296057114e+01
6.600000000000000000e+01	-7.270086476443414547e+00	-5.880426066187683709e+00	-1.435768793909493901e+01	-1.030796109487444323e-01	-3.189207358530192771e-01	-1.456340143459012193e+00	-7.373166087392158730e+00	-6.199346802040702542e+00	-1.581402808255395165e+01	1.851699120051762293e+01	1.851699120051762648e+01
6.650000000000000000e+01	-7.116954094365675054e+00	-5.780272554778893124e+00	-1.454436330423299495e+01	-1.007746919074454239e-01	-3.118195885711369519e-01	-1.423783537698753543e+00	-7.217728786273120534e+00	-6.092092143350029687e+00	-1.596814684193174827e+01	1.855238284104652990e+01	1.855238284104652990e+01
6.700000000000000000e+01	-6.965235405533920954e+00	-5.681044385875470226e+00	-1.472933061152581935e+01	-9.853797854841502002e-02	-3.049277023436635092e-01	-1.392190158550291823e+00	-7.063773384082336015e+00	-5.985972088219133624e+00	-1.612152077007610984e+01	1.859118576644867815e+01	1.859118576644867815e+01
6.750000000000000000e+01	-6.814898328774286362e+00	-5.582719883348175038e+00	-1.491261465197444913e+01	-9.636696670214357774e-02	-2.982374254772354738e-01	-1.361524644900041547e+00	-6.911265295476430204e+00	-5.880957308825410124e+00	-1.627413929687449112e+01	1.863327283937951862e+01	1.863327283937951862e+01
6.800000000000000000e+01	-6.665911823963847738e+00	-5.485278061146189543e+00	-1.509423913723747823e+01	-9.425926171599655068e-02	-2.917414395749518552e-01	-1.331753182049819628e+00	-6.760171085679844261e+00	-5.777019500721141121e+00	-1.642599231928729608e+01	1.867851951019297019e+01	1.867851951019297019e+01
6.850000000000000000e+01	-6.518245853874769402e+00	-5.388698598099102455e+00	-1.527422674113375578e+01	-9.221257290716168564e-02	-2.854327427213870227e-01	-1.302843423388709843e+00	-6.610458426781931074e+00	-5.674131340820489200e+00	-1.657707016452246407e+01	1.872680384701549627e+01	1.872680384701549627e+01
6.900000000000000000e+01	-6.371871347661140383e+00	-5.292961813804690330e+00	-1.545259913938111218e+01	-9.022470833436532778e-02	-2.793046336301520105e-01	-1.274764416566539271e+00	-6.462096055995505850e+00	-5.572266447434842007e+00	-1.672736355594765101e+01	1.877800655902980864e+01	1.877800655902980864e+01
6.950000000000000000e+01	-6.226760165904742017e+00	-5.198048645547393320e+00	-1.562937704766014235e+01	-8.829356986789783923e-02	-2.733506966924606485e-01	-1.247486533880004300e+00	-6.315053735772639953e+00	-5.471399342239854136e+00	-1.687686358154014599e+01	1.883201101310942960e+01	1.883201101310942960e+01
7.000000000000000000e+01	-6.082885067143374513e+00	-5.103940626196853181e+00	-1.580458025808733780e+01	-8.641714853893714410e-02	-2.675647878694965565e-01	-1.220981406602924535e+00	-6.169302215682312074e+00	-5.371505414066350070e+00	-1.702556166469026167e+01	1.888870324400109268e+01	1.888870324400109268e+01
7.050000000000000000e+01	-5.940219675807923316e+00	-5.010619863037730326e+00	-1.597822767417659229e+01	-8.459352015049566298e-02	-2.619410213753851080e-01	-1.195221863011007413e+00	-6.024813195958419243e+00	-5.272560884413115545e+00	-1.717344953718760081e+01	1.894797195829587722e+01	1.894797195829587722e+01
7.100000000000000000e+01	-5.798738451498178570e+00	-4.918069017484670624e+00	-1.615033734436370949e+01	-8.282084113354902521e-02	-2.564737571012711825e-01	-1.170181869868912816e+00	-5.881559292631727942e+00	-5.174542774585941807e+00	-1.732051921423262186e+01	1.900970853246739622e+01	1.900970853246739622e+01
7.150000000000000000e+01	-5.658416659533509474e+00	-4.826271285640110875e+00	-1.632092649416462393e+01	-8.109734463304711649e-02	-2.511575887344293934e-01	-1.145836477163538980e+00	-5.739514004166556660e+00	-5.077428874374540158e+00	-1.746676297132816202e+01	1.907380700528651474e+01	1.907380700528651474e+01
7.200000000000000000e+01	-5.519230342715745863e+00	-4.735210379653502777e+00	-1.649001155703340871e+01	-7.942133680955955344e-02	-2.459873325294885671e-01	-1.122161765882311313e+00	-5.598651679525305624e+00	-4.981197712182991566e+00	-1.761217332291571935e+01	1.914016406494292966e+01	1.914016406494293321e+01
7.250000000000000000e+01	-5.381156294246300043e+00	-4.644870509843702422e+00	-1.665760820398325137e+01	-7.779119334328279955e-02	-2.409580166917784649e-01	-1.099134798649022082e+00	-5.458947487589583147e+00	-4.885828526535481053e+00	-1.775674300263227323e+01	1.920867903122176301e+01	1.920867903122176301e+01
7.300000000000000000e+01	-5.244172031742153628e+00	-4.555236367547905729e+00	-1.682373137202923630e+01	-7.620535612803767955e-02	-2.360648713355141814e-01	-1.076733573042511827e+00	-5.320377387870191654e+00	-4.791301238883419522e+00	-1.790046494507174657e+01	1.927925383309293395e+01	1.927925383309293750e+01
7.350000000000000000e+01	-5.108255772299114206e+00	-4.466293108662996225e+00	-1.698839529150937011e+01	-7.466233014372053445e-02	-2.313033189820403179e-01	-1.054936977435269929e+00	-5.182918102442834574e+00	-4.697596427645036599e+00	-1.804333226894463849e+01	1.935179298207770415e+01	1.935179298207770415e+01
7.400000000000000000e+01	-4.973386408552354254e+00	-4.378026337846277372e+00	-1.715161351233622256e+01	-7.316068049644484927e-02	-2.266689655656763946e-01	-1.033724749199937509e+00	-5.046547089048798895e+00	-4.604695303411953766e+00	-1.818533826153615962e+01	1.942620354175622310e+01	1.942620354175622310e+01
7.450000000000000000e+01	-4.839543485688331259e+00	-4.290422093345229726e+00	-1.731339892922999368e+01	-7.169902961632564076e-02	-2.221575919168613245e-01	-1.013077435141840121e+00	-4.911242515304657275e+00	-4.512579685262091189e+00	-1.832647636437183536e+01	1.950239509377901115e+01	1.950239509377901115e+01
7.500000000000000000e+01	-4.706707179363147198e+00	-4.203466832426618893e+00	-1.747376380597947332e+01	-7.027605460352435995e-02	-2.177651456942900077e-01	-9.929763540250394760e-01	-4.776983233966671349e+00	-4.421231978120909289e+00	-1.846674016000451246e+01	1.958027970073668556e+01	1.958027970073668556e+01
7.550000000000000000e+01	-4.574858274486464538e+00	-4.117147417377907459e+00	-1.763271979877631779e+01	-6.889048471378807215e-02	-2.134877337395873764e-01	-9.734035610681139872e-01	-4.643748759200252429e+00	-4.330635151117494530e+00	-1.860612335984443177e+01	1.965977186623529960e+01	1.965977186623529960e+01
7.600000000000000000e+01	-4.443978144829795696e+00	-4.031451102053634550e+00	-1.779027797866484661e+01	-6.754109897528871864e-02	-2.093216148297881996e-01	-9.543418142939511517e-01	-4.511519243805084400e+00	-4.240772716883422611e+00	-1.874461979295879743e+01	1.974078849251136347e+01	1.974078849251136347e+01
7.650000000000000000e+01	-4.314048733423925697e+00	-3.946365518943657058e+00	-1.794644885314758298e+01	-6.622672392909934036e-02	-2.052631928044859888e-01	-9.357745426253402110e-01	-4.380275457353024926e+00	-4.151628711748142742e+00	-1.888222339577292175e+01	1.982324883590919029e+01	1.982324883590919029e+01
7.700000000000000000e+01	-4.185052533707048106e+00	-3.861878666737672994e+00	-1.810124238698420740e+01	-6.494623148613810903e-02	-2.013090100460017406e-01	-9.176858156251266330e-01	-4.249998765193185868e+00	-4.063187676783674540e+00	-1.901892820260933448e+01	1.990707446052581275e+01	1.990707446052581275e+01
7.750000000000000000e+01	-4.056972571392789106e+00	-3.777978898365734750e+00	-1.825466802222079465e+01	-6.369853689387075524e-02	-1.974557412923049204e-01	-9.000603147861744313e-01	-4.120671108286660278e+00	-3.975434639658039782e+00	-1.915472833700696853e+01	1.999218919031628161e+01	1.999218919031628161e+01
7.800000000000000000e+01	-3.929792387023086420e+00	-3.694654909491482897e+00	-1.840673469748248792e+01	-6.248259680648710068e-02	-1.937001877637011260e-01	-8.828833062824031908e-01	-3.992274983829573465e+00	-3.888355097255184134e+00	-1.928961800376488966e+01	2.007851905993149444e+01	2.007851905993149444e+01
7.850000000000000000e+01	-3.803496019178262966e+00	-3.611895727439962123e+00	-1.855745086656298071e+01	-6.129740745266538948e-02	-1.900392715854997139e-01	-8.661406150977797314e-01	-3.864793426630928508e+00	-3.801934999025461615e+00	-1.942359148166076110e+01	2.016599226454748361e+01	2.016599226454748361e+01
7.900000000000000000e+01	-3.678067988313467929e+00	-3.529690700539489967e+00	-1.870682451634085197e+01	-6.014200289540842792e-02	-1.864700304899856165e-01	-8.498186004553637263e-01	-3.738209991208876204e+00	-3.716160731029475528e+00	-1.955664311679621647e+01	2.025453910892450438e+01	2.025453910892450438e+01
7.950000000000000000e+01	-3.553493281194795017e+00	-3.448029487859906261e+00	-1.885486318405239459e+01	-5.901545337877897590e-02	-1.829896127820595519e-01	-8.339041324733783567e-01	-3.612508734573574021e+00	-3.631019100641965647e+00	-1.968876731652577305e+01	2.034409195591906183e+01	2.034409195591906183e+01
8.000000000000000000e+01	-3.429757335909137783e+00	-3.366902049330208424e+00	-1.900157397394826475e+01	-5.791686375668254894e-02	-1.795952725538742523e-01	-8.183845699797858142e-01	-3.487674199665820485e+00	-3.546497321884082510e+00	-1.981995854392804901e+01	2.043458517465358426e+01	2.043458517465358426e+01
8.050000000000000000e+01	-3.306846027422813528e+00	-3.286298636218887737e+00	-1.914696357336076105e+01	-5.684537199914616035e-02	-1.762843651346984730e-01	-8.032477394210972843e-01	-3.363691399421959716e+00	-3.462583001353586099e+00	-1.995021131278185678e+01	2.052595508853259787e+01	2.052595508853259787e+01
8.100000000000000000e+01	-3.184745653665335130e+00	-3.206209781961380401e+00	-1.929103826820622913e+01	-5.580014777181868668e-02	-1.730543427630808762e-01	-7.884819148050710158e-01	-3.240545801437153983e+00	-3.379264124724461471e+00	-2.007952018301130082e+01	2.061813992327678235e+01	2.061813992327678235e+01
8.150000000000000000e+01	-3.063442922116207168e+00	-3.126626293320030392e+00	-1.943380395794647697e+01	-5.478039108467996215e-02	-1.699027504691683621e-01	-7.740757986206217023e-01	-3.118223313200886970e+00	-3.296529043789198532e+00	-2.020787975656709889e+01	2.071107975513129773e+01	2.071107975513130128e+01
8.200000000000000000e+01	-2.942924936873119179e+00	-3.047539241862257775e+00	-1.957526617003223635e+01	-5.378533100618845819e-02	-1.668272221557693391e-01	-7.600185036817147521e-01	-2.996710267879307832e+00	-3.214366464018027170e+00	-2.033528467371395010e+01	2.080471645938974490e+01	2.080471645938974490e+01
8.250000000000000000e+01	-2.823179186181619116e+00	-2.968939955743675974e+00	-1.971543007384936175e+01	-5.281422443932395905e-02	-1.638254768674350104e-01	-7.462995358452043648e-01	-2.875993410620943269e+00	-3.132765432611110956e+00	-2.046172960969456511e+01	2.089899365935952247e+01	2.089899365935952247e+01
8.300000000000000000e+01	-2.704193530406646229e+00	-2.890820011783255428e+00	-1.985430049418885190e+01	-5.186635495619351666e-02	-1.608953152374704154e-01	-7.329087775555696016e-01	-2.756059885362839523e+00	-3.051715327020725788e+00	-2.058720927174442039e+01	2.099385667588208548e+01	2.099385667588208548e+01
8.350000000000000000e+01	-2.585956190428023049e+00	-2.813171227818662246e+00	-1.999188192425981470e+01	-5.094103168806742021e-02	-1.580346161033866492e-01	-7.198364721723107262e-01	-2.636897222116090678e+00	-2.971205843922049006e+00	-2.071171839643212564e+01	2.108925247750770993e+01	2.108925247750770993e+01
8.400000000000000000e+01	-2.468455736441519832e+00	-2.735985655329550958e+00	-2.012817853826389580e+01	-5.003758826789660857e-02	-1.552413332818626812e-01	-7.070732090383677892e-01	-2.518493324709416559e+00	-2.891226988611413695e+00	-2.083525174730226226e+01	2.118512963141228767e+01	2.118512963141228767e+01
8.450000000000000000e+01	-2.351681077150159282e+00	-2.659255572318768301e+00	-2.026319420354898426e+01	-4.915538182253698790e-02	-1.525134924948111093e-01	-6.946099092503817962e-01	-2.400836458972696263e+00	-2.811769064813579355e+00	-2.095780411279936573e+01	2.128143825513316045e+01	2.128143825513316045e+01
8.500000000000000000e+01	-2.235621449328669019e+00	-2.582973476440049154e+00	-2.039693249235861572e+01	-4.829379201206654426e-02	-1.498491884386267126e-01	-6.824378120938979775e-01	-2.283915241340735758e+00	-2.732822664878675756e+00	-2.107937030445251381e+01	2.137812996918901831e+01	2.137812996918901831e+01
8.550000000000000000e+01	-2.120266407746238535e+00	-2.507132078362433347e+00	-2.052939669319334115e+01	-4.745222011373527449e-02	-1.472465819891616290e-01	-6.705484621087619557e-01	-2.167718627859973601e+00	-2.654378660351595087e+00	-2.119994515530210322e+01	2.147515785064031135e+01	2.147515785064031135e+01
8.600000000000000000e+01	-2.005605815434090111e+00	-2.431724295362475807e+00	-2.066058982179933423e+01	-4.663008814822781900e-02	-1.447038975353939216e-01	-6.589336967519608956e-01	-2.052235903582317889e+00	-2.576428192897869618e+00	-2.131952351855129635e+01	2.157247638763740127e+01	2.157247638763739772e+01
8.650000000000000000e+01	-1.891629834282447797e+00	-2.356743245134025333e+00	-2.079051463179850145e+01	-4.582683804605296174e-02	-1.422194204351634461e-01	-6.475856346270405517e-01	-1.937456672328500717e+00	-2.498962665569188779e+00	-2.143810026642554334e+01	2.167004143499439195e+01	2.167004143499439195e+01
8.700000000000000000e+01	-1.778328915955176726e+00	-2.282182239807787560e+00	-2.091917362497395771e+01	-4.504193085199895835e-02	-1.397914945867225756e-01	-6.364966642509962691e-01	-1.823370846807175649e+00	-2.421973734394510025e+00	-2.155567028922495254e+01	2.176781017082009129e+01	2.176781017082009129e+01
8.750000000000000000e+01	-1.665693793108904863e+00	-2.208034780172028366e+00	-2.104656906122447779e+01	-4.427484596571018560e-02	-1.374185201102054998e-01	-6.256594333311805700e-01	-1.709968639074614938e+00	-2.345453300282233755e+00	-2.167222849455565736e+01	2.186574105423033032e+01	2.186574105423033032e+01
8.800000000000000000e+01	-1.553715470904794005e+00	-2.134294550086465403e+00	-2.117270296820002429e+01	-4.352508041655032966e-02	-1.350989511334506066e-01	-6.150668385263300397e-01	-1.597240551321344348e+00	-2.269393501219916232e+00	-2.178776980672635588e+01	2.196379378415899097e+01	2.196379378415899097e+01
8.850000000000000000e+01	-1.442385218801428337e+00	-2.060955411081791588e+00	-2.129757715063054491e+01	-4.279214817102079682e-02	-1.328312936769207864e-01	-6.047120156672535218e-01	-1.485177366972449065e+00	-2.193786704758712514e+00	-2.190228916629779832e+01	2.206192925927987147e+01	2.206192925927987147e+01
8.900000000000000000e+01	-1.331694562618073618e+00	-1.988011397137691372e+00	-2.142119319935975241e+01	-4.207557947109936969e-02	-1.306141036327609917e-01	-5.945883304141003078e-01	-1.373770142089173030e+00	-2.118625500770452419e+00	-2.201578152977385372e+01	2.216010953904655523e+01	2.216010953904655523e+01
8.950000000000000000e+01	-1.221635276857923502e+00	-1.915456709632480159e+00	-2.154355250009439260e+01	-4.137492020195424752e-02	-1.284459848333049936e-01	-5.846893693284029858e-01	-1.263010197059877715e+00	-2.043902694465784986e+00	-2.212824186942279425e+01	2.225829780585203821e+01	2.225829780585203821e+01
9.000000000000000000e+01	-1.112199377281097412e+00	-1.843285712457582992e+00	-2.166465624188000660e+01	-4.068973128757515795e-02	-1.263255872046018802e-01	-5.750089313392920953e-01	-1.152889108568672549e+00	-1.969611299662184845e+00	-2.223966517321929715e+01	2.235645832830675772e+01	2.235645832830675772e+01
9.050000000000000000e+01	-1.003379113718107618e+00	-1.771492927290696962e+00	-2.178450542531264844e+01	-4.001958811294201862e-02	-1.242516050007757833e-01	-5.655410195844126076e-01	-1.043398701831049546e+00	-1.895744532291472773e+00	-2.235004644489706038e+01	2.245455642562888698e+01	2.245455642562888698e+01
9.100000000000000000e+01	-8.951669631146045303e-01	-1.700073029021560433e+00	-2.190310087049659771e+01	-3.936407997142760823e-02	-1.222227751152591968e-01	-5.562798336071359540e-01	-9.345310430860321871e-01	-1.822295804136819575e+00	-2.245938070410373300e+01	2.255255843313864972e+01	2.255255843313864972e+01
9.150000000000000000e+01	-7.875556227987575708e-01	-1.629020841324648750e+00	-2.202044322475684623e+01	-3.872280953620142047e-02	-1.202378754651545201e-01	-5.472197618926547547e-01	-8.262784323349590121e-01	-1.749258716789803270e+00	-2.256766298664950199e+01	2.265043166884456838e+01	2.265043166884456838e+01
9.200000000000000000e+01	-6.805380039625960054e-01	-1.558331332372927758e+00	-2.213653297011525467e+01	-3.809539235446803701e-02	-1.182957234451818551e-01	-5.383553747264977485e-01	-7.186333963170640216e-01	-1.676627055818109557e+00	-2.267488834484175086e+01	2.274814440110761637e+01	2.274814440110761637e+01
9.250000000000000000e+01	-5.741072253504017064e-01	-1.487999610688256258e+00	-2.225137043053890196e+01	-3.748145636343663128e-02	-1.163951744478581296e-01	-5.296814173598733966e-01	-6.115886817138382892e-01	-1.604394785136114443e+00	-2.278105184789877669e+01	2.284566581736729773e+01	2.284566581736729773e+01
9.300000000000000000e+01	-4.682566071445825040e-01	-1.418020921121954103e+00	-2.236495577896826248e+01	-3.688064142697648068e-02	-1.145351204467332101e-01	-5.211928034670990639e-01	-5.051372485715589500e-01	-1.532556041568687411e+00	-2.288614858243536077e+01	2.294296599391088165e+01	2.294296599391088520e+01
9.350000000000000000e+01	-3.629796650440960670e-01	-1.348390640962356501e+00	-2.247728904413293449e+01	-3.629259889196954914e-02	-1.127144886396764245e-01	-5.128846088811388482e-01	-3.992722639360656300e-01	-1.461105129602032981e+00	-2.299017365301407168e+01	2.304001586666641899e+01	2.304001586666641899e+01
9.400000000000000000e+01	-2.582701045264658157e-01	-1.279104276163398390e+00	-2.258837011716299870e+01	-3.571699116342299390e-02	-1.109322401493650634e-01	-5.047520655940298528e-01	-2.939870956898887888e-01	-1.390036516312763482e+00	-2.309312218275702833e+01	2.313678720299903446e+01	2.313678720299903446e+01
9.450000000000000000e+01	-1.541218152877208425e-01	-1.210157457690440364e+00	-2.269819875800149589e+01	-3.515349129745379969e-02	-1.091873687782754232e-01	-4.967905560096533835e-01	-1.892753065851746352e-01	-1.319344826468715759e+00	-2.319498931401114916e+01	2.323325257448694359e+01	2.323325257448694003e+01
9.500000000000000000e+01	-5.052886585371219041e-02	-1.141545937979073111e+00	-2.280677460162640102e+01	-3.460178261130445604e-02	-1.074788998156190195e-01	-4.889956074369815053e-01	-8.513064846501663951e-02	-1.249024837794692200e+00	-2.329577020906338092e+01	2.332938533065586384e+01	2.332938533065586384e+01
9.550000000000000000e+01	5.251450164372706286e-02	-1.073265587502505225e+00	-2.291409716408742270e+01	-3.406155830959211456e-02	-1.058058888937980363e-01	-4.813628868125321425e-01	1.845294333413494831e-02	-1.179071476396303275e+00	-2.339546005089995617e+01	2.342515957364698309e+01	2.342515957364698309e+01
9.600000000000000000e+01	1.550138765311814271e-01	-1.005312391443972997e+00	-2.302016584836412960e+01	-3.353252112603481716e-02	-1.041674208920793654e-01	-4.738881956413569796e-01	1.214813554051466099e-01	-1.109479812336052307e+00	-2.349405404400548747e+01	2.352055013379455062e+01	2.352055013379455062e+01
9.650000000000000000e+01	2.569746845044117434e-01	-9.376824464703596984e-01	-2.312497995005157136e+01	-3.301438297993768145e-02	-1.025626088853063278e-01	-4.665674651464389311e-01	2.239603015244740480e-01	-1.040245055355665915e+00	-2.359154741519801135e+01	2.361553254608896069e+01	2.361553254608895713e+01
9.700000000000000000e+01	3.584021923913299212e-01	-8.703719576031256899e-01	-2.322853866287863411e+01	-3.250686464675847653e-02	-1.009905931355752490e-01	-4.593967516168798726e-01	3.258953277445714170e-01	-9.713625507387009250e-01	-2.368793541449551299e+01	2.371008302749979890e+01	2.371008302749979890e+01
9.750000000000000000e+01	4.593015127714561441e-01	-8.033772351837064063e-01	-2.333084108406487189e+01	-3.200969544210666845e-02	-9.945054012491391648e-02	-4.523722319457714192e-01	4.272918173293494548e-01	-9.028277753086203505e-01	-2.378321331601064159e+01	2.380417845513453656e+01	2.380417845513453656e+01
9.800000000000000000e+01	5.596776084578307664e-01	-7.366946919294343754e-01	-2.343188621952089079e+01	-3.152261291856283537e-02	-9.794164162709380339e-02	-4.454901993490836265e-01	5.281549955392679241e-01	-8.346363335565282204e-01	-2.387737641886997508e+01	2.389779634520751728e+01	2.389779634520751728e+01
9.850000000000000000e+01	6.595352968455320264e-01	-6.703208400772696640e-01	-2.353167298889743009e+01	-3.104536257473625160e-02	-9.646311381680505725e-02	-4.387470592573554651e-01	6.284899342707958025e-01	-7.667839538940747213e-01	-2.397042004815478577e+01	2.399091483279472925e+01	2.399091483279472570e+01
9.900000000000000000e+01	7.588792541314837159e-01	-6.042522886121900472e-01	-2.363020023048773055e+01	-3.057769757600783955e-02	-9.501419641451044895e-02	-4.321393253723783690e-01	7.283015565554759041e-01	-6.992664850267005239e-01	-2.406233955586010964e+01	2.408351265234938410e+01	2.408351265234938410e+01
9.950000000000000000e+01	8.577140194102343962e-01	-5.384857405771305006e-01	-2.372746670598800023e+01	-3.011937848643284066e-02	-9.359415186537836662e-02	-4.256636158814551263e-01	8.275946409238015278e-01	-6.320798924425088394e-01	-2.415313032186945463e+01	2.417556911895406913e+01	2.417556911895406913e+01
